operator                              m    MC ms  struct ms    =prof      +M3    ratio    MC draws     M3 draws       x
sum_reduction                        64     1.38       36.3     0.00     36.3     26.3     163,840    3,840,000    23.4
mean_reduction                       64     1.33       30.2     0.00     30.2     22.8     163,840    3,840,000    23.4
max_reduction                        64     1.88       29.8     0.00     29.8     15.8     163,840    3,840,000    23.4
min_reduction                        64     1.64       29.7     0.00     29.7     18.1     163,840    3,840,000    23.4
max_pool1d                         1152     1.05      561.2     0.01    561.2    532.8      92,160   69,120,000   750.0
avg_pool1d                         1152     1.08      564.7     0.01    564.7    524.0      92,160   69,120,000   750.0
max_pool2d                         1536     4.29      816.0     0.03    815.9    190.1     491,520   92,160,000   187.5
avg_pool2d                         1536     4.63      813.4     0.02    813.4    175.6     491,520   92,160,000   187.5
max_pool3d                         3072     4.69     1554.9     0.03   1554.9    331.7     491,520  184,320,000   375.0
avg_pool3d                         3072     4.31     1532.1     0.03   1532.1    355.2     491,520  184,320,000   375.0
matmul                             1024     0.38      510.7     0.01    510.7   1349.4      20,480   61,440,000  3000.0
gelu                               8192     1.58     4171.0     0.04   4171.0   2632.9     163,840  491,520,000  3000.0
swish                              8192     1.56     4098.2     0.02   4098.2   2632.8     163,840  491,520,000  3000.0
softmax                            8192     1.84     4121.8     0.04   4121.7   2236.8     163,840  491,520,000  3000.0
log_softmax                        8192     1.80     4103.8     0.05   4103.7   2285.8     163,840  491,520,000  3000.0
l1norm                             8192     1.49     4136.1     0.04   4136.0   2768.3     163,840  491,520,000  3000.0
l2norm                             8192     1.58     4081.8     0.05   4081.8   2590.7     163,840  491,520,000  3000.0
frobenius_norm                     8192     1.51     4143.3     0.03   4143.3   2747.2     163,840  491,520,000  3000.0
layernorm                          8192     1.71     4084.5     0.05   4084.4   2391.4     163,840  491,520,000  3000.0
rmsnorm                            8192     1.57     4080.1     0.05   4080.0   2592.9     163,840  491,520,000  3000.0
groupnorm                          8192     1.72     4087.4     0.05   4087.4   2381.0     163,840  491,520,000  3000.0
instancenorm                       8192     2.23     4230.1     0.05   4230.0   1893.7     163,840  491,520,000  3000.0
batchnorm                          8192     1.78     4124.6     0.01   4124.6   2317.9     163,840  491,520,000  3000.0
cross_entropy                         1     1.55        1.7     0.05      1.7      1.1     128,000       60,000     0.5
flash_attention                    2048     1.15     1062.7     0.95   1061.8    920.7      40,960  122,880,000  3000.0
causal_flash_attention             2048     1.55     1029.5     0.97   1028.5    665.1      40,960  120,960,000  2953.1
scaled_dot_product_attention       2048     1.04     1017.6     0.93   1016.7    975.9      40,960  122,880,000  3000.0

ALL 27 ops   MC     52.3 ms   structural   59053.3 ms   -> 1128.4x
  shape-only (9)         MC     26.3 ms   structural    5968.4 ms   -> 227.0x
  input-dependent (18)   MC     26.0 ms   structural   53085.0 ms   -> 2038.5x

RNG draws (device-independent arithmetic):
  Monte-Carlo path :       5,043,200
  structural path  :   7,033,020,000   = 1395x more

[exited with code 0]
