1787632527.293489833 0.82 0.31 0.15
1787632528.298554828 0.82 0.31 0.15
1787632529.302213162 0.83 0.32 0.16
1787632530.306178416 0.83 0.32 0.16
1787632531.310246192 0.83 0.32 0.16
1787632532.314121612 0.83 0.32 0.16
1787632533.318071329 0.83 0.32 0.16
1787632534.322927784 0.93 0.35 0.17
1787632535.327017857 0.93 0.35 0.17
1787632536.331258525 0.93 0.35 0.17
1787632537.337980098 0.93 0.35 0.17
1787632538.342844096 0.93 0.36 0.17
1787632539.347182183 0.93 0.36 0.17
1787632540.352045319 0.93 0.36 0.17
1787632541.363566949 0.93 0.36 0.17
1787632542.374178262 0.93 0.36 0.17
1787632543.380066933 0.94 0.37 0.18
1787632544.384316155 0.94 0.37 0.18
1787632545.388665797 0.94 0.37 0.18
1787632546.395064330 0.94 0.37 0.18
1787632547.401352544 0.94 0.37 0.18
1787632548.405647877 0.94 0.39 0.18
1787632549.410089346 0.94 0.39 0.18
1787632550.414374967 0.94 0.39 0.18
1787632551.418713244 0.94 0.39 0.18
1787632552.426296897 0.94 0.39 0.18
1787632553.438084334 1.03 0.41 0.19
1787632554.446668294 1.03 0.41 0.19
1787632555.454961005 1.03 0.41 0.19
1787632556.459380680 1.03 0.41 0.19
1787632557.463786437 1.03 0.41 0.19
1787632558.468074535 1.03 0.42 0.20
1787632559.472194771 1.03 0.42 0.20
1787632560.476471042 1.03 0.42 0.20
1787632561.480716790 1.03 0.42 0.20
1787632562.485038233 1.03 0.42 0.20
1787632563.489236003 1.02 0.43 0.20
1787632564.493507138 1.02 0.43 0.20
1787632565.499175355 1.02 0.43 0.20
1787632566.508670197 1.02 0.43 0.20
1787632567.516258601 1.02 0.43 0.20
1787632568.520832679 1.02 0.44 0.20
1787632569.525450881 1.02 0.44 0.20
1787632570.529739112 1.02 0.44 0.20
1787632571.534055285 1.02 0.44 0.20
1787632572.538318943 1.02 0.44 0.20
1787632573.542629760 1.02 0.45 0.21
1787632574.546968844 1.02 0.45 0.21
1787632575.551354682 1.02 0.45 0.21
1787632576.555621973 1.02 0.45 0.21
1787632577.560885275 1.02 0.45 0.21
1787632578.568150711 1.10 0.48 0.22
1787632579.579836032 1.10 0.48 0.22
1787632580.584498922 1.10 0.48 0.22
1787632581.588696707 1.10 0.48 0.22
1787632582.592898972 1.10 0.48 0.22
1787632583.597059633 1.09 0.49 0.22
1787632584.601310144 1.09 0.49 0.22
1787632585.605700506 1.09 0.49 0.22
1787632586.609961954 1.09 0.49 0.22
1787632587.614265053 1.09 0.49 0.22
1787632588.618655979 1.08 0.49 0.23
1787632589.623012550 1.08 0.49 0.23
1787632590.628695042 1.08 0.49 0.23
1787632591.637184026 1.08 0.49 0.23
1787632592.650854398 1.08 0.49 0.23
1787632593.655149445 1.08 0.50 0.23
1787632594.659392664 1.08 0.50 0.23
1787632595.663566750 1.08 0.50 0.23
1787632596.667897085 1.08 0.50 0.23
1787632597.671979152 1.08 0.50 0.23
1787632598.677595190 1.07 0.51 0.24
1787632599.685922699 1.07 0.51 0.24
1787632600.690193500 1.07 0.51 0.24
1787632601.694630069 1.07 0.51 0.24
1787632602.703251747 1.07 0.51 0.24
1787632603.713176389 1.14 0.54 0.25
1787632604.722785456 1.14 0.54 0.25
1787632605.726955141 1.14 0.54 0.25
1787632606.731214157 1.14 0.54 0.25
1787632607.735539301 1.14 0.54 0.25
1787632608.739869456 1.13 0.54 0.25
1787632609.744234777 1.13 0.54 0.25
1787632610.748865533 1.13 0.54 0.25
1787632611.753122121 1.13 0.54 0.25
1787632612.757378530 1.13 0.54 0.25
1787632613.761674371 1.12 0.55 0.26
1787632614.769047734 1.12 0.55 0.26
1787632615.775721269 1.12 0.55 0.26
1787632616.789683073 1.12 0.55 0.26
1787632617.799990180 1.12 0.55 0.26
1787632618.804384410 1.11 0.56 0.26
1787632619.808900008 1.11 0.56 0.26
1787632620.813342582 1.11 0.56 0.26
1787632621.817809250 1.11 0.56 0.26
1787632622.822147119 1.11 0.56 0.26
1787632623.826622579 1.10 0.57 0.26
1787632624.830948855 1.10 0.57 0.26
1787632625.835347857 1.10 0.57 0.26
1787632626.839746003 1.10 0.57 0.26
1787632627.847189772 1.10 0.57 0.26
1787632628.859160509 1.17 0.59 0.27
1787632629.874614931 1.17 0.59 0.27
1787632630.882998062 1.17 0.59 0.27
1787632631.892857086 1.17 0.59 0.27
1787632632.897167361 1.17 0.59 0.27
1787632633.901386579 1.16 0.60 0.28
1787632634.905685642 1.16 0.60 0.28
1787632635.909926670 1.16 0.60 0.28
1787632636.914064460 1.16 0.60 0.28
1787632637.918269229 1.16 0.60 0.28
1787632638.922492119 1.15 0.60 0.28
1787632639.929549768 1.15 0.60 0.28
1787632640.936157623 1.15 0.60 0.28
1787632641.945707147 1.15 0.60 0.28
1787632642.949856503 1.15 0.60 0.28
1787632643.954024415 1.22 0.63 0.29
1787632644.958257758 1.22 0.63 0.29
1787632645.962670719 1.22 0.63 0.29
1787632646.966930402 1.22 0.63 0.29
1787632647.971179787 1.22 0.63 0.29
1787632648.975461565 1.20 0.63 0.29
1787632649.979882838 1.20 0.63 0.29
1787632650.984275979 1.20 0.63 0.29
1787632651.989959941 1.20 0.63 0.29
1787632653.004483653 1.20 0.63 0.29
1787632654.014254341 1.26 0.66 0.30
1787632655.020317821 1.26 0.66 0.30
1787632656.024712663 1.26 0.66 0.30
1787632657.029891633 1.26 0.66 0.30
1787632658.034220317 1.26 0.66 0.30
1787632659.038549459 1.24 0.66 0.31
1787632660.043874588 1.24 0.66 0.31
1787632661.048181293 1.24 0.66 0.31
1787632662.052395521 1.24 0.66 0.31
1787632663.057824374 1.24 0.66 0.31
1787632664.069853708 1.22 0.67 0.31
1787632665.081165179 1.22 0.67 0.31
1787632666.094602875 1.22 0.67 0.31
1787632667.106919683 1.22 0.67 0.31
1787632668.111078366 1.22 0.67 0.31
1787632669.115347825 1.20 0.67 0.32
1787632670.119960831 1.20 0.67 0.32
1787632671.124237813 1.20 0.67 0.32
1787632672.128533897 1.20 0.67 0.32
1787632673.132890213 1.20 0.67 0.32
1787632674.137191277 1.19 0.68 0.32
1787632675.141673280 1.19 0.68 0.32
1787632676.145913929 1.19 0.68 0.32
1787632677.150928457 1.19 0.68 0.32
1787632678.165956019 1.19 0.68 0.32
1787632679.172151851 1.25 0.70 0.33
1787632680.176399584 1.25 0.70 0.33
1787632681.180742174 1.25 0.70 0.33
1787632682.185053047 1.25 0.70 0.33
1787632683.189283688 1.25 0.70 0.33
1787632684.193415393 1.23 0.71 0.33
1787632685.197559420 1.23 0.71 0.33
1787632686.201846335 1.23 0.71 0.33
1787632687.206323550 1.23 0.71 0.33
1787632688.212319866 1.23 0.71 0.33
1787632689.227191781 1.21 0.71 0.34
1787632690.237217571 1.21 0.71 0.34
1787632691.245611012 1.21 0.71 0.34
1787632692.253818599 1.21 0.71 0.34
1787632693.257946223 1.21 0.71 0.34
1787632694.261950987 1.20 0.72 0.34
1787632695.267065329 1.20 0.72 0.34
1787632696.279497061 1.20 0.72 0.34
1787632697.284010032 1.20 0.72 0.34
1787632698.288536746 1.20 0.72 0.34
1787632699.293292137 1.26 0.74 0.35
1787632700.297716047 1.26 0.74 0.35
1787632701.302054436 1.26 0.74 0.35
1787632702.309217205 1.26 0.74 0.35
1787632703.316857959 1.26 0.74 0.35
1787632704.326628014 1.32 0.76 0.36
1787632705.330896476 1.32 0.76 0.36
1787632706.335311088 1.32 0.76 0.36
1787632707.339760088 1.32 0.76 0.36
1787632708.343972102 1.32 0.76 0.36
1787632709.348052255 1.37 0.78 0.37
1787632710.352141162 1.37 0.78 0.37
1787632711.356354879 1.37 0.78 0.37
1787632712.360395733 1.37 0.78 0.37
1787632713.365112472 1.34 0.79 0.37
1787632714.370901868 1.34 0.79 0.37
1787632715.386210101 1.34 0.79 0.37
1787632716.393680136 1.34 0.79 0.37
1787632717.397862942 1.34 0.79 0.37
1787632718.402204899 1.32 0.79 0.38
1787632719.406364643 1.32 0.79 0.38
1787632720.410804275 1.32 0.79 0.38
1787632721.415057708 1.32 0.79 0.38
1787632722.419268106 1.32 0.79 0.38
1787632723.425045614 1.29 0.79 0.38
1787632724.436070694 1.29 0.79 0.38
1787632725.440426001 1.29 0.79 0.38
1787632726.444734705 1.29 0.79 0.38
1787632727.455225994 1.29 0.79 0.38
1787632728.467599939 1.35 0.81 0.39
1787632729.476940671 1.35 0.81 0.39
1787632730.481223742 1.35 0.81 0.39
1787632731.485446374 1.35 0.81 0.39
1787632732.489730537 1.35 0.81 0.39
1787632733.493992040 1.32 0.82 0.39
1787632734.498232210 1.32 0.82 0.39
1787632735.502483014 1.32 0.82 0.39
1787632736.507228032 1.32 0.82 0.39
1787632737.511508641 1.32 0.82 0.39
1787632738.515913272 1.29 0.82 0.39
1787632739.523145038 1.29 0.82 0.39
1787632740.532188676 1.29 0.82 0.39
1787632741.540160248 1.29 0.82 0.39
1787632742.544643282 1.29 0.82 0.39
1787632743.549028987 1.27 0.82 0.40
1787632744.553312414 1.27 0.82 0.40
1787632745.557701863 1.27 0.82 0.40
1787632746.561927452 1.27 0.82 0.40
1787632747.566200159 1.27 0.82 0.40
1787632748.570541458 1.25 0.83 0.40
1787632749.575221480 1.25 0.83 0.40
1787632750.581206874 1.25 0.83 0.40
1787632751.587673647 1.25 0.83 0.40
1787632752.595184752 1.25 0.83 0.40
1787632753.607825080 1.31 0.85 0.41
1787632754.612943342 1.31 0.85 0.41
1787632755.623560008 1.31 0.85 0.41
1787632756.632899712 1.31 0.85 0.41
1787632757.637277480 1.31 0.85 0.41
1787632758.641636164 1.28 0.85 0.41
1787632759.645883463 1.28 0.85 0.41
1787632760.650226948 1.28 0.85 0.41
1787632761.654568414 1.28 0.85 0.41
1787632762.658854480 1.28 0.85 0.41
1787632763.663852423 1.26 0.85 0.42
1787632764.671555339 1.26 0.85 0.42
1787632765.684849948 1.26 0.85 0.42
1787632766.693098189 1.26 0.85 0.42
1787632767.697485053 1.26 0.85 0.42
1787632768.701959064 1.24 0.85 0.42
1787632769.706336787 1.24 0.85 0.42
1787632770.710666732 1.24 0.85 0.42
1787632771.714391141 1.24 0.85 0.42
1787632772.718709214 1.24 0.85 0.42
1787632773.723186776 1.22 0.86 0.42
1787632774.728512379 1.22 0.86 0.42
1787632775.735205258 1.22 0.86 0.42
1787632776.745267122 1.22 0.86 0.42
1787632777.760190209 1.22 0.86 0.42
1787632778.767818299 1.20 0.86 0.43
1787632779.772203915 1.20 0.86 0.43
1787632780.776649260 1.20 0.86 0.43
1787632781.781079529 1.20 0.86 0.43
1787632782.785386011 1.20 0.86 0.43
1787632783.791504537 1.19 0.86 0.43
1787632784.795752243 1.19 0.86 0.43
1787632785.801297920 1.19 0.86 0.43
1787632786.805482824 1.19 0.86 0.43
1787632787.809699023 1.19 0.86 0.43
1787632788.819196616 1.33 0.90 0.44
1787632789.830799274 1.33 0.90 0.44
1787632790.838749454 1.33 0.90 0.44
1787632791.843050598 1.33 0.90 0.44
1787632792.847366801 1.33 0.90 0.44
1787632793.851651580 1.30 0.90 0.45
1787632794.855881475 1.30 0.90 0.45
1787632795.861435459 1.30 0.90 0.45
1787632796.868161986 1.30 0.90 0.45
1787632797.872340435 1.30 0.90 0.45
1787632798.878118436 1.28 0.90 0.45
1787632799.882601955 1.28 0.90 0.45
1787632800.888506178 1.28 0.90 0.45
1787632801.897694898 1.28 0.90 0.45
1787632802.909204426 1.28 0.90 0.45
1787632803.914910014 1.26 0.90 0.45
1787632804.919068960 1.26 0.90 0.45
1787632805.923321550 1.26 0.90 0.45
1787632806.929386312 1.26 0.90 0.45
1787632807.933779974 1.26 0.90 0.45
1787632808.937979613 1.24 0.91 0.46
1787632809.942172865 1.24 0.91 0.46
1787632810.946360340 1.24 0.91 0.46
1787632811.951404735 1.24 0.91 0.46
1787632812.955838863 1.24 0.91 0.46
1787632813.962788215 1.38 0.94 0.47
1787632814.970712058 1.38 0.94 0.47
1787632815.980950156 1.38 0.94 0.47
1787632816.985049410 1.38 0.94 0.47
1787632817.990293917 1.38 0.94 0.47
1787632818.995672498 1.35 0.94 0.47
1787632820.000144806 1.35 0.94 0.47
1787632821.005628903 1.35 0.94 0.47
1787632822.017820449 1.35 0.94 0.47
1787632823.022122371 1.35 0.94 0.47
1787632824.026482983 1.32 0.94 0.48
1787632825.030845623 1.32 0.94 0.48
1787632826.038172040 1.32 0.94 0.48
1787632827.050566236 1.32 0.94 0.48
1787632828.059837888 1.32 0.94 0.48
1787632829.064019208 1.29 0.94 0.48
1787632830.068180692 1.29 0.94 0.48
1787632831.072369434 1.29 0.94 0.48
1787632832.076569126 1.29 0.94 0.48
1787632833.082765114 1.29 0.94 0.48
1787632834.089550478 1.27 0.95 0.48
1787632835.093869061 1.27 0.95 0.48
1787632836.097866827 1.27 0.95 0.48
1787632837.102188854 1.27 0.95 0.48
1787632838.107993130 1.27 0.95 0.48
1787632839.119233898 1.33 0.96 0.49
1787632840.131048211 1.33 0.96 0.49
1787632841.140173960 1.33 0.96 0.49
1787632842.144591324 1.33 0.96 0.49
1787632843.148991357 1.33 0.96 0.49
1787632844.153431040 1.30 0.96 0.49
1787632845.157652773 1.30 0.96 0.49
1787632846.161896075 1.30 0.96 0.49
1787632847.166101561 1.30 0.96 0.49
1787632848.170374524 1.30 0.96 0.49
1787632849.174648217 1.28 0.96 0.50
1787632850.181090788 1.28 0.96 0.50
1787632851.186192978 1.28 0.96 0.50
1787632852.195639457 1.28 0.96 0.50
1787632853.203754318 1.28 0.96 0.50
1787632854.207986753 1.25 0.97 0.50
1787632855.212158959 1.25 0.97 0.50
1787632856.216577364 1.25 0.97 0.50
1787632857.224894662 1.25 0.97 0.50
1787632858.229322968 1.25 0.97 0.50
1787632859.233563300 1.23 0.97 0.50
1787632860.237823226 1.23 0.97 0.50
1787632861.243510388 1.23 0.97 0.50
1787632862.249523856 1.23 0.97 0.50
1787632863.255160317 1.23 0.97 0.50
1787632864.267148600 1.30 0.98 0.51
1787632865.276764291 1.30 0.98 0.51
1787632866.282434648 1.30 0.98 0.51
1787632867.286660628 1.30 0.98 0.51
1787632868.290900281 1.30 0.98 0.51
1787632869.295363076 1.27 0.98 0.51
1787632870.299571845 1.27 0.98 0.51
1787632871.303749401 1.27 0.98 0.51
1787632872.307991083 1.27 0.98 0.51
1787632873.312320174 1.27 0.98 0.51
1787632874.317389341 1.25 0.99 0.52
1787632875.322907849 1.25 0.99 0.52
1787632876.331159283 1.25 0.99 0.52
1787632877.340132882 1.25 0.99 0.52
1787632878.349390315 1.25 0.99 0.52
1787632879.356602122 1.23 0.99 0.52
1787632880.365777771 1.23 0.99 0.52
1787632881.370006279 1.23 0.99 0.52
1787632882.374148045 1.23 0.99 0.52
1787632883.378335387 1.23 0.99 0.52
1787632884.382944809 1.21 0.99 0.52
1787632885.387154102 1.21 0.99 0.52
1787632886.391341033 1.21 0.99 0.52
1787632887.397580901 1.21 0.99 0.52
1787632888.406518432 1.27 1.00 0.53
1787632889.415364842 1.27 1.00 0.53
1787632890.423601222 1.27 1.00 0.53
1787632891.427743270 1.27 1.00 0.53
1787632892.431690413 1.27 1.00 0.53
1787632893.435683565 1.25 1.00 0.53
1787632894.439902929 1.25 1.00 0.53
1787632895.443912197 1.25 1.00 0.53
1787632896.448071639 1.25 1.00 0.53
1787632897.452517373 1.25 1.00 0.53
1787632898.456920427 1.23 1.00 0.54
1787632899.460979526 1.23 1.00 0.54
1787632900.467544141 1.23 1.00 0.54
1787632901.482561343 1.23 1.00 0.54
1787632902.491944367 1.23 1.00 0.54
1787632903.496702835 1.21 1.00 0.54
1787632904.502601408 1.21 1.00 0.54
1787632905.511734141 1.21 1.00 0.54
1787632906.515993943 1.21 1.00 0.54
1787632907.520466790 1.21 1.00 0.54
1787632908.524971687 1.20 1.00 0.54
1787632909.530607160 1.20 1.00 0.54
1787632910.534792650 1.20 1.00 0.54
1787632911.541599468 1.20 1.00 0.54
1787632912.547982818 1.20 1.00 0.54
1787632913.559628369 1.26 1.02 0.55
1787632914.566786132 1.26 1.02 0.55
1787632915.570774766 1.26 1.02 0.55
1787632916.574952087 1.26 1.02 0.55
1787632917.579084749 1.26 1.02 0.55
1787632918.583461767 1.24 1.02 0.55
1787632919.587595936 1.24 1.02 0.55
1787632920.591774307 1.24 1.02 0.55
1787632921.595976402 1.24 1.02 0.55
1787632922.600930802 1.24 1.02 0.55
1787632923.605012303 1.22 1.02 0.56
1787632924.609395957 1.22 1.02 0.56
1787632925.615141260 1.22 1.02 0.56
1787632926.629143087 1.22 1.02 0.56
1787632927.638773455 1.22 1.02 0.56
1787632928.643051494 1.20 1.02 0.56
1787632929.647281522 1.20 1.02 0.56
1787632930.651679950 1.20 1.02 0.56
1787632931.655931091 1.20 1.02 0.56
1787632932.660256319 1.20 1.02 0.56
1787632933.664416098 1.18 1.02 0.56
1787632934.668748078 1.18 1.02 0.56
1787632935.673216920 1.18 1.02 0.56
1787632936.677455443 1.18 1.02 0.56
1787632937.681742842 1.18 1.02 0.56
1787632938.692561977 1.25 1.03 0.57
1787632939.699728827 1.25 1.03 0.57
1787632940.704965364 1.25 1.03 0.57
1787632941.709395999 1.25 1.03 0.57
1787632942.713791942 1.25 1.03 0.57
1787632943.718156701 1.23 1.03 0.57
1787632944.722480410 1.23 1.03 0.57
1787632945.728873460 1.23 1.03 0.57
1787632946.733120017 1.23 1.03 0.57
1787632947.737581316 1.23 1.03 0.57
1787632948.741618278 1.21 1.03 0.57
1787632949.748656520 1.21 1.03 0.57
1787632950.759193275 1.21 1.03 0.57
1787632951.770211827 1.21 1.03 0.57
1787632952.780177462 1.21 1.03 0.57
1787632953.784567693 1.19 1.03 0.58
1787632954.788754064 1.19 1.03 0.58
1787632955.793003783 1.19 1.03 0.58
1787632956.797282004 1.19 1.03 0.58
1787632957.801420843 1.19 1.03 0.58
1787632958.805526783 1.18 1.03 0.58
1787632959.809882449 1.18 1.03 0.58
1787632960.814098233 1.18 1.03 0.58
1787632961.818304139 1.18 1.03 0.58
1787632962.824698570 1.18 1.03 0.58
1787632963.834160558 1.24 1.05 0.59
1787632964.846792353 1.24 1.05 0.59
1787632965.851050700 1.24 1.05 0.59
1787632966.855269342 1.24 1.05 0.59
1787632967.859584311 1.24 1.05 0.59
1787632968.863866830 1.22 1.04 0.59
1787632969.868096537 1.22 1.04 0.59
1787632970.874684477 1.22 1.04 0.59
1787632971.884211298 1.22 1.04 0.59
1787632972.888649814 1.22 1.04 0.59
1787632973.893093176 1.21 1.04 0.59
1787632974.901347445 1.21 1.04 0.59
1787632975.912198617 1.21 1.04 0.59
1787632976.923758738 1.21 1.04 0.59
1787632977.933444889 1.21 1.04 0.59
1787632978.938240667 1.19 1.04 0.59
1787632979.943771624 1.19 1.04 0.59
1787632980.948285081 1.19 1.04 0.59
1787632981.953034063 1.19 1.04 0.59
1787632982.957290220 1.19 1.04 0.59
1787632983.961454515 1.17 1.04 0.60
1787632984.965803105 1.17 1.04 0.60
1787632985.970300686 1.17 1.04 0.60
1787632986.974698608 1.17 1.04 0.60
1787632987.979723852 1.17 1.04 0.60
1787632988.992600490 1.24 1.06 0.60
1787632990.005361756 1.24 1.06 0.60
1787632991.011046609 1.24 1.06 0.60
1787632992.015453410 1.24 1.06 0.60
1787632993.019668849 1.24 1.06 0.60
1787632994.023985894 1.22 1.06 0.61
1787632995.028665660 1.22 1.06 0.61
1787632996.032960527 1.22 1.06 0.61
1787632997.037197807 1.22 1.06 0.61
1787632998.041563572 1.22 1.06 0.61
1787632999.046069259 1.20 1.06 0.61
1787633000.055191243 1.20 1.06 0.61
1787633001.065278620 1.20 1.06 0.61
1787633002.076223254 1.20 1.06 0.61
1787633003.085852097 1.20 1.06 0.61
1787633004.090050922 1.19 1.05 0.61
1787633005.094355651 1.19 1.05 0.61
1787633006.098648688 1.19 1.05 0.61
1787633007.102980377 1.19 1.05 0.61
1787633008.107292955 1.19 1.05 0.61
1787633009.111640364 1.17 1.05 0.61
1787633010.115876239 1.17 1.05 0.61
1787633011.120080904 1.17 1.05 0.61
1787633012.126662087 1.17 1.05 0.61
1787633013.138595005 1.17 1.05 0.61
1787633014.147641095 1.24 1.07 0.62
1787633015.151928251 1.24 1.07 0.62
1787633016.156709700 1.24 1.07 0.62
1787633017.162950699 1.24 1.07 0.62
1787633018.167296034 1.24 1.07 0.62
1787633019.171713833 1.22 1.07 0.62
1787633020.178384568 1.22 1.07 0.62
1787633021.182904046 1.22 1.07 0.62
1787633022.187984952 1.22 1.07 0.62
1787633023.192347387 1.22 1.07 0.62
1787633024.196713236 1.20 1.07 0.63
1787633025.203177502 1.20 1.07 0.63
1787633026.209232271 1.20 1.07 0.63
1787633027.220042948 1.20 1.07 0.63
1787633028.224443408 1.20 1.07 0.63
1787633029.228749055 1.18 1.07 0.63
1787633030.233023608 1.18 1.07 0.63
1787633031.237203749 1.18 1.07 0.63
1787633032.241527207 1.18 1.07 0.63
1787633033.245751326 1.18 1.07 0.63
1787633034.250054680 1.17 1.06 0.63
1787633035.255899165 1.17 1.06 0.63
1787633036.267897230 1.17 1.06 0.63
1787633037.273624128 1.17 1.06 0.63
1787633038.283182005 1.17 1.06 0.63
1787633039.292906125 1.40 1.11 0.65
1787633040.297248997 1.40 1.11 0.65
1787633041.301679863 1.40 1.11 0.65
1787633042.306258102 1.40 1.11 0.65
1787633043.310699970 1.40 1.11 0.65
1787633044.315038297 1.36 1.11 0.65
1787633045.319477820 1.36 1.11 0.65
1787633046.323851046 1.36 1.11 0.65
1787633047.328290821 1.36 1.11 0.65
1787633048.332630695 1.36 1.11 0.65
1787633049.336919952 1.34 1.11 0.65
1787633050.351192192 1.34 1.11 0.65
1787633051.359081563 1.34 1.11 0.65
1787633052.364076886 1.34 1.11 0.65
1787633053.368481697 1.34 1.11 0.65
1787633054.372853536 1.31 1.11 0.66
1787633055.377165940 1.31 1.11 0.66
1787633056.381841618 1.31 1.11 0.66
1787633057.386486304 1.31 1.11 0.66
1787633058.390874238 1.31 1.11 0.66
1787633059.395190040 1.28 1.10 0.66
1787633060.400616289 1.28 1.10 0.66
1787633061.405006719 1.28 1.10 0.66
1787633062.409580539 1.28 1.10 0.66
1787633063.420217311 1.28 1.10 0.66
1787633064.430750253 1.42 1.14 0.67
1787633065.435991180 1.42 1.14 0.67
1787633066.447023747 1.42 1.14 0.67
1787633067.451735004 1.42 1.14 0.67
1787633068.456043686 1.39 1.13 0.67
1787633069.460426436 1.39 1.13 0.67
1787633070.464636460 1.39 1.13 0.67
1787633071.469570184 1.39 1.13 0.67
1787633072.474360100 1.39 1.13 0.67
1787633073.478819273 1.36 1.13 0.67
1787633074.485185086 1.36 1.13 0.67
1787633075.493344446 1.36 1.13 0.67
1787633076.506828026 1.36 1.13 0.67
1787633077.511206996 1.36 1.13 0.67
1787633078.515587098 1.33 1.13 0.68
1787633079.520016369 1.33 1.13 0.68
1787633080.524491520 1.33 1.13 0.68
1787633081.528907512 1.33 1.13 0.68
1787633082.533186600 1.33 1.13 0.68
1787633083.537476840 1.30 1.13 0.68
1787633084.541693808 1.30 1.13 0.68
1787633085.545935729 1.30 1.13 0.68
1787633086.552021671 1.30 1.13 0.68
1787633087.562179456 1.30 1.13 0.68
1787633088.571653840 1.52 1.17 0.70
1787633089.581159598 1.52 1.17 0.70
1787633090.585600385 1.52 1.17 0.70
1787633091.589857646 1.52 1.17 0.70
1787633092.594093375 1.52 1.17 0.70
1787633093.600070296 1.56 1.19 0.70
1787633094.604467818 1.56 1.19 0.70
1787633095.608775573 1.56 1.19 0.70
1787633096.613215096 1.56 1.19 0.70
1787633097.617388051 1.56 1.19 0.70
1787633098.623007001 1.51 1.19 0.71
1787633099.631959715 1.51 1.19 0.71
1787633100.645761078 1.51 1.19 0.71
1787633101.652143230 1.51 1.19 0.71
1787633102.656751932 1.51 1.19 0.71
1787633103.661034116 1.47 1.18 0.71
1787633104.665345461 1.47 1.18 0.71
1787633105.669665543 1.47 1.18 0.71
1787633106.673946515 1.47 1.18 0.71
1787633107.678340643 1.47 1.18 0.71
1787633108.682779420 1.43 1.18 0.71
1787633109.686988352 1.43 1.18 0.71
1787633110.691589398 1.43 1.18 0.71
1787633111.697193719 1.43 1.18 0.71
1787633112.712304133 1.43 1.18 0.71
1787633113.723900375 1.40 1.18 0.71
1787633114.728197256 1.40 1.18 0.71
1787633115.732692881 1.40 1.18 0.71
1787633116.738504217 1.40 1.18 0.71
1787633117.743132663 1.40 1.18 0.71
1787633118.747395578 1.36 1.17 0.71
1787633119.751660961 1.36 1.17 0.71
1787633120.755908592 1.36 1.17 0.71
1787633121.760768812 1.36 1.17 0.71
1787633122.765156021 1.36 1.17 0.71
1787633123.769889854 1.42 1.19 0.72
1787633124.779624461 1.42 1.19 0.72
1787633125.789631219 1.42 1.19 0.72
